4 8 15 22 26 30 12
10 11 15 22 23 30 12
3 4 8 10 22 30 12
1 8 10 15 17 30 9
8 10 17 22 25 30 8
3 8 15 17 20 22 12
8 10 15 17 26 30 7
8 10 15 17 20 30 5
14 15 17 20 22 30 12
8 10 17 22 25 30 11
8 10 16 17 22 29 12
3 10 11 15 22 30 12
2 8 9 10 17 30 12
8 10 14 15 17 22 8
4 8 10 22 26 30 12
8 15 17 22 28 33 12
8 10 15 17 27 30 8
8 13 15 17 22 28 12
10 15 17 21 25 30 12
10 17 22 29 30 31 12
8 10 15 17 22 24 3
6 8 10 15 17 28 12
2 4 8 10 22 30 12
5 8 15 22 29 30 12
15 16 17 19 22 30 12
10 15 17 19 22 30 3
2 8 17 21 22 30 12
