1 8 17 20 22 30 2
1 8 10 15 29 31 12
8 10 15 16 17 20 2
15 17 18 22 25 30 2
10 17 22 24 30 31 16
4 8 10 18 26 30 12
7 8 10 17 20 25 12
10 12 15 17 25 27 12
3 7 9 15 17 22 12
5 10 15 17 19 23 12
8 9 15 21 22 30 15
6 8 10 15 22 33 15
8 10 13 17 24 30 4
6 10 14 15 25 30 12
8 10 17 20 25 30 4
10 17 18 22 30 33 15
4 8 14 15 22 29 12
8 10 13 22 26 30 11
7 8 15 22 27 30 5
5 8 10 21 22 24 12
3 8 15 17 23 30 6
3 10 17 20 22 30 14
10 15 16 19 25 30 12
15 17 20 21 30 31 12
10 15 24 25 30 33 12
8 22 28 30 31 33 12
8 10 17 18 19 22 5
3 4 15 17 22 23 12
4 10 11 15 17 20 12
5 8 15 17 19 31 12
10 15 17 23 30 33 8
15 17 27 28 30 31 12
1 15 16 17 22 30 13
8 10 19 25 27 30 12
14 17 22 25 27 30 12
8 12 15 17 30 32 16
6 12 13 15 17 30 12
2 3 7 17 22 30 12
1 17 19 22 26 30 12
1 15 17 22 23 30 7
8 10 15 20 26 30 14
2 10 17 27 30 33 12
8 10 12 15 22 24 2
4 10 15 17 19 30 16
2 4 15 22 23 30 12
10 14 19 22 26 30 12
3 4 11 15 22 30 12
10 11 14 15 17 22 1
2 8 10 15 17 31 13
5 8 15 22 25 30 8
1 10 14 17 20 30 12
8 10 15 21 25 32 12
6 8 13 15 17 30 11
1 5 10 14 17 30 12
4 8 10 15 23 30 2
4 10 13 15 22 29 12
8 10 13 16 26 30 12
8 9 10 11 15 17 4
6 8 10 13 17 31 12
8 15 22 24 26 30 14
8 10 19 23 30 31 12
2 10 15 19 22 30 15
3 8 12 15 17 22 4
8 15 17 22 28 29 6
7 8 10 15 21 22 15
10 15 18 22 29 30 4
8 17 18 19 20 22 12
10 15 21 22 26 30 9
9 15 17 22 30 32 16
10 15 17 19 24 30 4
1 10 14 15 17 30 9
8 12 15 17 22 27 6
1 8 10 14 15 25 12
10 16 17 22 30 33 7
8 10 13 15 17 26 5
7 8 10 17 22 28 11
8 10 11 17 18 22 1
3 8 15 17 20 22 3
8 10 15 20 29 30 7
8 10 22 23 24 31 12
4 8 10 17 22 28 6
10 15 18 24 30 31 12
8 10 13 15 20 22 15
3 8 10 17 30 31 16
8 15 17 29 31 33 12
8 10 13 22 26 30 3
6 8 10 15 17 24 14
8 12 15 17 20 23 12
4 8 12 13 15 17 12
3 10 13 17 22 32 12
5 6 8 17 21 30 12
3 10 17 21 22 33 12
8 15 17 18 22 28 10
1 3 8 10 15 17 9
4 8 10 12 15 17 3
11 12 13 17 22 30 12
8 10 11 30 32 33 12
8 9 15 27 28 30 12
10 11 15 20 22 30 15
2 10 11 15 17 30 10
2 3 8 17 27 30 12
10 22 26 28 30 33 12
2 8 11 15 17 19 12
8 11 15 17 26 32 12
4 8 18 22 28 30 12
7 8 19 22 23 30 12
5 8 10 15 23 30 3
6 8 10 15 22 24 1
8 10 22 30 31 33 13
1 4 8 17 22 30 16
1 6 8 10 12 22 12
8 9 15 22 24 30 7
3 10 14 15 17 30 10
7 8 10 16 30 32 12
4 10 12 17 22 32 12
5 10 13 22 30 31 12
2 10 15 17 22 32 5
8 10 11 15 21 22 6
8 10 15 22 32 33 1
5 8 11 17 19 30 12
1 3 6 8 17 30 12
8 10 15 21 22 24 13
8 10 13 17 26 29 12
8 10 17 20 27 30 11
8 10 17 22 26 31 15
8 13 15 17 22 24 16
9 10 11 15 17 30 2
4 5 15 17 22 26 12
7 8 13 17 26 30 12
10 15 22 28 30 33 13
8 10 15 16 22 33 13
10 14 15 17 26 30 2
4 7 10 15 17 22 7
1 8 15 17 27 30 6
8 15 20 22 23 29 12
8 10 15 22 27 31 10
8 10 11 17 30 32 1
5 8 10 15 30 31 3
10 17 22 26 30 31 4
7 10 17 22 27 32 12
4 12 15 17 18 30 12
6 10 15 17 22 28 15
8 10 14 15 28 32 12
6 10 15 17 27 30 1
8 10 17 18 26 28 12
1 10 11 15 22 24 12
15 17 22 23 26 30 10
4 5 8 10 19 22 12
3 5 8 12 17 30 12
8 15 16 19 22 30 1
3 6 8 10 15 30 13
3 8 12 13 15 17 12
3 10 15 16 17 30 13
3 8 15 22 27 30 11
3 10 12 17 20 22 12
8 9 14 17 19 30 12
4 8 10 15 22 28 14
15 17 22 23 25 30 3
4 6 8 10 15 30 4
8 11 12 17 25 30 12
8 9 10 15 22 29 8
8 10 17 22 25 33 10
3 7 8 14 17 30 12
5 8 17 22 23 30 10
3 8 10 15 22 33 14
15 17 21 22 24 30 13
8 15 22 26 27 30 7
1 8 15 17 22 25 9
3 10 17 22 23 30 1
8 9 10 15 18 29 12
7 10 15 19 21 30 12
4 8 17 22 29 30 16
10 12 17 18 22 30 10
8 9 10 17 22 28 9
8 15 20 21 22 23 12
3 8 10 15 17 26 16
4 8 11 17 22 30 13
11 15 17 22 28 33 12
9 15 17 22 23 30 11
7 8 9 15 17 22 9
8 10 11 19 29 30 12
8 9 15 17 24 30 9
10 11 13 17 22 23 12
7 10 11 15 22 27 12
10 15 23 27 28 30 12
10 17 20 22 26 31 12
2 8 10 15 28 30 8
8 12 14 17 26 30 12
8 11 17 21 22 26 12
2 8 15 17 22 33 1
8 10 13 15 22 25 11
9 10 15 22 24 30 4
5 8 16 17 22 30 16
6 8 15 17 20 30 16
10 12 14 20 22 30 12
6 8 15 17 22 23 15
10 13 15 17 30 32 3
8 10 11 15 17 20 6
4 10 17 22 25 30 5
8 10 13 22 32 33 12
3 6 8 22 23 30 12
1 8 13 19 22 30 12
2 11 16 17 22 30 12
5 8 9 10 15 22 5
6 10 15 16 22 27 12
1 10 14 15 17 30 6
10 15 16 18 19 30 12
8 10 15 18 22 23 6
8 13 15 17 21 30 1
5 7 10 22 30 31 12
11 15 17 22 30 33 7
6 8 10 11 28 30 12
10 15 17 20 26 30 14
6 10 17 20 26 30 12
3 10 15 17 28 30 2
13 17 20 22 27 30 12
1 4 8 11 15 22 12
4 8 10 15 25 30 5
2 8 14 15 22 30 5
5 8 10 15 18 27 12
4 6 8 10 15 22 16
7 8 10 12 27 30 12
8 10 17 24 30 33 9
5 9 17 19 22 30 12
8 15 16 26 30 32 12
10 14 17 22 26 30 4
7 15 17 22 26 30 2
6 8 15 17 20 30 10
3 6 10 22 26 30 12
6 8 15 17 28 30 1
6 8 10 17 22 29 4
10 17 22 30 31 33 8
8 10 13 17 21 27 12
2 4 8 10 29 30 12
5 10 13 15 17 22 4
15 17 22 27 30 31 1
3 9 10 13 17 30 12
7 10 14 16 17 22 12
6 7 9 15 17 30 12
7 8 10 13 22 30 9
7 8 17 22 26 30 9
6 10 15 18 21 30 12
13 15 17 22 23 30 4
8 15 17 18 19 30 2
8 14 15 16 17 19 12
8 11 13 15 30 33 12
3 6 14 17 22 30 12
6 8 10 11 15 22 13
8 10 11 15 16 17 16
10 12 13 17 22 30 13
7 8 10 15 16 22 16
10 15 17 18 20 26 12
8 10 15 17 25 31 2
6 17 21 22 28 30 12
12 15 17 26 30 32 12
6 10 17 22 30 33 8
2 10 12 15 16 17 12
7 8 10 17 29 30 11
8 10 17 18 19 24 12
1 7 8 15 17 22 7
8 10 17 23 27 30 3
4 6 10 15 17 22 10
6 15 17 19 27 30 12
8 15 17 22 27 31 5
2 8 10 14 15 30 14
1 8 9 15 17 22 7
8 13 17 22 26 32 12
1 7 8 15 17 22 7
3 8 10 15 23 30 10
4 8 15 17 20 30 13
8 10 15 22 26 27 6
7 8 13 15 17 22 9
3 10 12 17 29 30 12
15 17 22 24 26 30 14
1 10 12 16 17 22 12
8 10 12 22 23 30 10
1 10 17 22 24 30 16
5 8 15 17 21 30 9
3 8 10 15 25 30 15
1 13 17 22 30 32 12
8 10 20 26 27 30 12
3 10 12 15 17 28 12
8 15 19 20 27 30 12
9 17 19 22 25 30 12
3 6 8 9 15 30 12
8 13 16 19 22 30 12
9 10 15 17 28 30 5
2 10 15 16 17 28 12
5 17 22 30 32 33 12
2 8 9 16 17 22 12
15 17 22 24 30 31 15
8 10 14 15 22 31 5
5 9 15 17 27 30 12
8 10 11 15 30 33 13
6 8 10 15 22 25 15
6 8 11 17 20 30 12
4 6 8 10 15 33 12
5 8 10 15 30 33 10
10 15 17 18 29 31 12
1 2 10 15 16 30 12
6 10 12 15 17 27 12
2 10 17 20 22 30 2
10 15 16 22 23 30 13
8 10 15 18 27 30 3
5 8 15 17 22 33 16
10 15 17 22 28 31 1
6 15 17 22 25 30 10
8 11 12 15 17 30 1
6 8 12 15 17 22 7
3 9 10 15 17 22 9
1 8 9 10 22 25 12
8 15 17 22 26 31 2
1 15 17 22 26 32 12
8 10 13 22 27 30 5
1 8 10 15 22 32 14
2 7 8 10 15 33 12
13 16 17 22 29 30 12
1 8 10 15 22 27 15
1 6 15 17 20 30 12
8 10 15 17 27 29 4
2 8 13 15 17 30 16
10 15 22 25 29 30 15
8 10 18 22 24 28 12
5 15 16 17 29 30 12
8 17 19 22 30 32 15
1 8 15 24 27 30 12
10 15 17 26 30 32 14
4 8 10 22 28 30 4
10 15 22 24 25 30 6
3 8 13 15 17 33 12
13 16 17 19 22 30 12
11 13 17 21 22 30 12
7 8 20 22 29 30 12
2 4 8 15 16 30 12
8 10 17 22 24 26 1
2 8 15 17 22 29 1
9 15 16 17 22 33 12
10 15 16 17 22 24 15
1 8 10 17 20 22 16
5 8 10 15 17 27 10
2 5 10 15 17 19 12
8 10 17 19 22 31 3
3 10 15 17 24 33 12
10 14 15 22 26 29 12
8 10 17 20 24 30 7
3 8 10 15 17 33 16
7 8 15 22 30 32 6
10 11 17 22 31 33 12
4 5 8 10 17 32 12
5 8 11 15 22 23 12
7 8 17 20 22 30 13
7 10 15 19 30 32 12
10 11 15 22 25 30 8
4 8 10 17 18 30 10
3 4 6 8 17 30 12
4 8 15 17 22 33 14
2 5 10 22 27 30 12
12 15 17 22 30 31 3
10 15 16 17 22 31 16
8 10 11 22 31 32 12
4 7 8 10 22 30 6
8 10 15 24 30 33 16
8 11 17 22 24 30 5
8 12 20 22 24 30 12
2 15 17 18 22 30 11
8 10 17 22 32 33 7
10 12 15 22 25 28 12
4 7 15 17 22 30 7
6 8 10 13 15 21 12
