5 7 9 20 26 29 11
9 16 20 22 26 27 8
5 7 16 19 20 29 8
5 9 13 20 25 26 8
3 5 9 16 26 30 8
5 7 14 16 26 31 8
2 9 10 16 20 26 8
1 5 7 9 15 20 8
3 5 7 9 16 32 8
5 7 13 16 20 26 5
5 9 16 20 22 26 3
5 7 8 19 20 26 8
4 5 7 16 26 33 8
7 9 16 20 26 28 1
3 5 7 9 20 33 8
5 9 16 20 26 27 13
5 9 16 17 26 33 8
5 7 9 13 16 20 6
3 5 7 9 11 26 8
5 9 10 16 20 26 3
5 7 8 16 26 27 8
9 14 16 20 26 33 8
5 16 17 20 25 26 8
4 7 9 16 22 26 8
5 9 10 20 26 30 8
5 15 16 17 20 26 8
5 7 9 16 20 28 4
7 13 16 20 25 26 8
5 9 16 19 20 26 7
