1 7 9 10 16 32 8
5 7 9 19 26 31 6
5 6 7 15 16 20 11
7 16 18 20 24 26 12
5 12 20 23 26 28 8
7 16 20 22 25 26 7
4 5 7 23 25 26 8
5 7 9 13 16 21 10
7 9 16 20 29 32 5
1 5 7 9 15 26 3
5 7 8 9 21 33 8
3 9 16 25 26 27 8
3 5 7 8 9 20 13
5 7 8 16 26 27 10
5 8 9 16 19 26 10
3 5 7 9 20 23 6
7 9 16 21 23 26 9
5 7 12 16 26 31 6
7 11 16 26 28 29 8
9 12 16 17 20 26 6
3 8 9 20 26 30 8
5 7 9 10 13 20 12
8 9 20 22 25 26 8
3 7 9 20 26 28 9
7 9 12 19 20 32 8
5 6 9 11 19 26 8
2 7 8 16 20 26 2
5 7 12 20 21 26 12
5 9 12 18 20 26 12
4 7 10 14 16 20 8
5 9 15 16 26 31 9
1 6 7 16 20 26 15
9 12 20 26 29 30 8
5 9 11 16 27 29 8
2 5 20 26 27 28 8
5 10 15 16 20 29 8
5 7 16 18 26 31 13
3 7 9 13 16 20 2
5 6 9 16 25 26 3
7 9 16 20 21 27 12
7 9 13 16 21 26 9
7 8 9 15 16 29 8
3 5 7 9 16 32 15
7 9 11 14 19 20 8
3 5 20 25 26 32 8
4 5 7 17 26 30 8
7 9 10 20 27 30 8
5 8 9 16 18 33 8
9 11 12 14 16 26 8
5 14 20 21 25 26 8
9 14 16 22 26 29 8
5 7 16 17 22 26 1
5 16 20 26 29 31 7
7 16 20 24 29 33 8
3 5 7 9 16 33 1
5 7 20 21 31 33 8
9 16 23 24 26 33 8
9 14 16 25 26 30 8
2 5 13 16 26 27 8
5 7 16 19 20 31 12
5 14 16 18 20 26 14
4 5 7 16 20 21 9
3 5 7 11 20 26 6
1 4 5 9 26 29 8
5 7 9 10 12 29 8
5 6 8 9 20 32 8
5 9 20 26 28 31 9
2 5 7 9 10 20 10
5 6 7 9 10 31 8
5 7 13 16 20 31 10
2 5 11 16 21 26 8
4 5 7 14 15 20 8
4 5 7 14 16 30 8
3 16 20 21 26 28 8
6 7 9 16 26 27 12
4 7 8 16 20 26 13
7 9 10 16 20 23 7
3 5 8 9 20 27 8
5 10 16 20 21 26 5
1 5 7 9 21 26 14
5 7 16 20 23 25 1
7 14 16 20 22 26 7
2 5 7 9 12 28 8
7 9 21 26 27 33 8
7 9 22 24 25 26 8
5 7 9 12 13 26 13
5 7 16 20 27 31 10
5 7 9 17 18 27 8
5 7 13 14 16 26 7
6 9 11 15 20 26 8
7 9 14 16 20 32 4
3 5 16 20 26 32 5
5 9 14 23 26 27 8
1 7 16 20 23 26 4
7 9 10 12 16 26 1
5 7 20 26 28 33 5
3 7 15 16 20 26 14
5 8 9 20 23 26 10
5 9 16 19 28 32 8
5 16 22 25 26 28 8
2 5 7 8 21 26 8
3 5 6 7 16 20 13
5 9 16 23 28 30 8
2 7 14 16 26 30 8
5 6 15 16 20 33 8
5 7 9 12 26 31 4
1 5 7 16 17 30 8
2 4 5 7 9 16 13
4 5 9 20 24 26 4
15 16 18 20 26 33 8
2 4 5 6 9 26 8
5 7 16 20 31 32 15
5 9 13 14 16 20 3
4 7 9 18 20 26 3
7 9 16 20 29 31 4
5 9 10 20 26 27 2
9 15 16 21 24 26 8
5 6 9 26 30 31 8
4 8 9 16 25 26 8
5 8 11 12 16 20 8
7 9 11 16 20 33 16
7 9 10 20 23 26 4
5 7 16 25 26 28 2
3 5 7 9 12 26 7
1 5 16 19 20 33 8
7 12 13 16 19 26 8
5 7 14 16 25 26 2
2 5 7 12 20 24 8
5 6 7 9 12 13 8
5 9 16 17 20 25 14
7 16 20 22 32 33 8
8 16 19 20 26 32 8
7 8 11 20 24 26 8
5 7 10 12 19 26 8
9 13 16 20 26 27 10
5 6 16 20 23 26 9
7 16 19 20 22 26 13
5 7 9 10 26 33 13
5 7 16 20 21 32 2
4 7 9 25 26 30 8
7 9 10 16 20 28 2
5 7 10 16 26 27 14
5 7 9 13 20 24 3
5 6 7 8 26 31 8
7 9 12 16 20 22 16
7 9 20 23 26 29 2
5 7 8 16 17 26 15
7 16 19 20 26 32 3
5 7 19 20 23 29 8
2 6 7 9 20 26 9
5 7 16 18 20 23 3
2 6 7 9 20 26 4
1 13 16 20 24 26 8
5 7 9 20 23 24 12
5 8 16 20 25 26 14
5 9 13 20 26 28 1
5 9 11 17 23 26 8
7 9 14 19 20 26 3
2 9 10 20 26 30 8
3 5 16 18 26 30 8
5 7 9 11 20 33 2
5 7 9 16 17 22 2
5 12 16 20 26 27 13
5 7 16 21 26 28 16
4 7 8 9 16 26 15
2 7 8 16 20 23 8
7 9 20 23 26 29 10
5 9 20 21 22 32 8
5 7 9 18 22 26 10
1 5 6 16 25 26 8
5 7 8 9 10 20 6
1 6 9 12 16 20 8
5 8 9 17 26 31 8
7 12 20 21 26 30 8
4 5 7 14 16 32 8
5 9 16 26 28 30 13
5 7 9 16 18 30 3
7 16 17 20 26 28 12
7 9 14 15 16 24 8
5 7 16 20 24 28 15
5 9 15 16 20 31 9
2 5 9 12 20 25 8
5 7 9 22 24 30 8
9 11 14 16 20 26 2
4 7 16 26 27 29 8
9 10 16 18 20 26 3
2 4 11 16 20 26 8
3 7 8 9 14 16 8
2 7 9 12 20 26 4
3 5 7 8 20 26 14
6 7 9 10 16 17 8
5 7 18 20 24 25 8
5 9 20 26 28 31 12
5 7 11 16 20 22 2
5 7 19 22 26 28 8
9 10 16 20 26 30 16
7 9 20 21 22 26 5
4 5 11 12 16 26 8
8 9 14 20 26 33 8
7 9 14 20 23 26 11
5 7 14 16 20 23 1
2 5 7 16 29 32 8
5 7 14 17 20 26 9
6 7 19 20 26 27 8
7 9 20 24 26 33 16
4 5 7 9 26 33 13
1 7 16 20 24 29 8
7 15 16 20 26 27 14
5 9 14 16 20 32 10
5 16 20 26 28 33 12
5 7 9 12 26 29 14
7 9 20 21 26 30 10
5 7 9 20 22 27 10
5 7 9 15 21 26 9
3 5 9 20 26 30 1
3 7 9 15 25 26 8
2 5 7 9 20 28 16
6 7 9 14 16 21 8
7 9 12 16 23 30 8
5 8 9 20 21 33 8
1 5 7 16 22 26 15
2 7 9 26 28 30 8
2 5 10 14 20 26 8
7 9 12 20 22 23 8
5 6 7 8 20 23 8
2 3 5 16 20 25 8
5 9 16 21 24 26 1
8 9 16 26 28 33 8
5 7 9 20 21 28 6
6 7 16 25 26 33 8
5 16 20 25 26 29 10
1 7 8 9 11 16 8
7 16 18 20 26 33 15
5 6 9 16 17 26 14
7 9 13 20 29 33 8
7 10 16 18 20 26 10
1 5 7 14 16 20 14
7 8 9 16 26 28 6
7 9 11 16 18 20 15
3 9 16 19 20 25 8
7 8 9 15 16 31 8
5 7 9 15 16 24 6
5 7 9 16 17 25 1
2 5 7 9 11 16 9
5 7 16 20 21 25 5
2 4 5 7 14 16 8
5 7 9 12 16 23 11
1 5 9 20 22 26 11
5 6 7 20 26 27 16
5 9 15 16 26 28 2
2 3 5 9 19 26 8
5 6 9 10 16 26 13
9 16 20 26 30 31 2
7 9 16 26 27 28 15
3 5 7 20 24 29 8
9 12 16 20 30 31 8
7 8 12 20 26 31 8
7 11 16 20 26 30 5
5 9 16 17 18 26 10
13 16 20 24 26 29 8
5 6 7 15 20 26 13
5 12 15 20 26 28 8
4 5 8 9 18 26 8
7 9 12 16 17 26 12
5 7 16 19 27 33 8
3 7 9 16 28 30 8
5 9 16 18 20 23 5
5 7 14 15 16 20 6
7 9 11 20 22 29 8
8 9 10 16 20 27 8
5 6 7 20 26 30 1
5 7 12 16 26 32 12
9 11 16 19 20 26 13
2 3 5 6 7 9 8
6 7 9 16 20 27 4
7 9 12 16 20 28 12
7 8 9 16 18 20 5
5 9 16 20 27 33 15
5 9 13 16 22 24 8
4 5 10 16 26 28 8
2 5 6 7 9 20 11
5 6 9 10 11 16 8
9 20 26 30 31 33 8
5 7 16 20 21 27 12
5 7 8 9 10 16 7
5 8 9 16 19 26 11
5 8 12 15 20 26 8
3 5 12 16 21 26 8
5 7 12 16 20 27 7
9 12 14 16 20 26 6
4 5 7 24 26 28 8
1 9 16 18 20 26 9
5 15 16 26 30 33 8
5 9 10 16 20 32 1
4 7 10 20 26 29 8
5 7 10 16 26 31 6
3 16 20 21 26 30 8
6 7 16 26 28 31 8
7 9 12 19 20 30 8
3 5 7 20 21 26 13
7 9 11 20 21 27 8
1 7 9 12 20 31 8
5 6 7 12 17 26 8
5 7 9 19 20 21 5
5 9 10 16 26 32 6
5 7 8 10 16 26 11
5 7 14 19 26 27 8
5 7 9 10 16 30 7
7 8 14 16 20 26 1
5 7 9 23 26 28 4
5 7 8 9 20 25 12
7 9 17 20 24 26 3
1 3 5 9 16 20 15
2 9 16 17 20 29 8
5 9 10 20 21 26 15
4 7 9 20 23 26 5
2 7 9 19 20 22 8
6 7 14 20 26 33 8
3 5 8 16 20 30 8
3 5 9 16 21 26 16
5 9 10 26 30 33 8
5 7 12 25 26 32 8
7 9 10 20 27 33 8
4 7 9 12 16 23 8
3 7 9 16 20 33 4
5 9 11 16 20 29 6
5 7 16 25 26 29 2
7 9 13 24 25 26 8
6 7 9 20 21 31 8
2 9 16 17 20 26 1
5 7 9 11 16 22 3
7 14 16 20 22 26 14
5 7 18 20 23 31 8
2 7 9 16 23 26 2
5 14 15 16 20 22 8
2 4 5 7 9 20 12
5 9 11 16 20 33 5
5 7 9 12 24 26 7
6 9 16 20 22 26 3
9 10 13 20 26 29 8
7 16 20 22 25 27 8
5 20 21 26 29 32 8
5 7 15 16 19 27 8
3 7 10 20 22 26 8
7 9 11 20 22 26 11
3 4 5 9 17 20 8
3 5 13 16 20 25 8
2 5 9 11 20 26 13
7 9 11 13 16 26 6
1 2 5 7 26 31 8
1 5 6 7 16 20 5
7 9 13 16 17 26 6
9 10 16 20 25 26 12
7 14 20 26 28 29 8
4 5 7 15 20 26 13
1 4 7 16 20 31 8
5 7 20 22 25 26 13
5 7 16 20 21 27 4
7 9 13 20 21 25 8
6 7 16 23 26 31 8
5 9 16 18 26 32 12
9 14 16 20 26 30 12
5 16 20 25 28 31 8
4 5 9 16 19 20 4
5 7 8 9 21 26 5
7 16 26 27 29 31 8
5 7 14 15 16 20 9
7 9 16 18 19 20 14
3 8 9 10 20 26 8
7 9 12 16 18 20 3
5 13 16 20 24 26 9
5 7 9 15 31 33 8
5 7 11 16 19 27 8
7 9 19 20 21 26 2
5 7 9 26 27 32 15
5 7 9 11 12 20 6
5 7 9 11 16 18 1
7 9 10 12 20 30 8
5 7 16 19 26 28 11
5 7 13 16 25 27 8
9 11 16 20 25 26 7
7 9 13 14 16 20 3
6 7 9 13 16 26 10
