11 16 21 25 27 29 5
16 23 24 25 26 33 2
11 19 23 24 26 27 14
11 16 23 30 32 33 4
11 21 23 26 31 32 5
2 3 15 16 23 33 5
8 12 23 26 27 33 15
3 11 23 24 26 33 10
5 16 23 26 27 32 12
12 16 20 25 26 27 5
11 16 25 26 32 33 4
1 2 16 23 26 27 2
4 9 11 16 20 33 5
4 11 15 23 26 27 15
6 11 14 16 26 29 5
14 23 26 27 31 33 4
8 11 16 24 26 33 13
8 16 18 26 27 33 15
6 9 11 26 27 33 11
1 7 14 23 26 33 5
3 7 8 11 16 26 5
5 15 16 26 27 33 6
16 23 27 29 32 33 4
4 11 12 16 23 33 1
3 11 13 26 27 33 1
2 16 20 23 26 32 5
11 16 19 21 26 28 5
11 16 23 25 27 30 3
1 16 23 25 26 33 2
5 8 11 25 26 27 5
5 7 18 23 26 33 5
4 19 23 26 27 33 9
11 13 19 23 31 33 5
14 16 23 26 30 33 11
11 18 19 23 26 27 8
6 11 12 16 26 30 5
16 23 26 27 29 31 14
7 8 23 27 30 33 5
13 16 21 23 26 27 7
1 7 16 26 27 33 15
10 11 22 23 26 33 9
11 16 17 25 26 33 1
7 11 16 20 21 23 5
3 16 23 27 28 33 7
4 11 16 26 31 33 10
14 15 16 27 28 33 5
7 11 16 20 29 33 5
6 11 13 23 27 33 8
11 16 20 23 25 26 16
9 11 23 24 26 28 5
6 7 11 16 23 26 13
3 11 26 27 28 33 2
16 18 23 27 28 33 13
7 12 16 23 26 32 5
8 16 23 24 25 26 5
5 10 11 16 27 33 16
11 14 16 23 28 33 14
7 8 11 16 26 33 1
10 19 26 27 32 33 5
7 11 13 23 26 33 13
3 16 23 26 27 32 10
3 10 11 12 16 33 5
11 14 16 23 24 26 7
11 15 23 26 27 30 10
16 17 18 23 29 33 5
11 16 25 26 28 32 5
10 15 16 23 27 33 12
8 10 15 23 26 27 5
4 11 12 13 16 23 5
9 16 23 24 26 33 8
11 13 16 23 26 31 16
2 14 16 23 26 29 5
8 12 14 26 27 33 5
3 11 19 23 26 27 13
3 8 23 26 28 33 5
7 11 12 26 27 33 9
19 23 27 28 29 33 5
5 12 16 23 27 33 7
5 11 16 18 23 30 5
8 10 11 22 23 27 5
11 14 23 25 26 27 13
2 4 8 11 16 23 5
15 16 26 27 29 32 5
9 11 21 23 27 33 11
6 12 16 26 27 33 13
7 12 16 23 27 32 5
8 11 18 23 26 31 5
10 16 20 23 27 31 5
1 16 22 23 26 33 2
9 15 16 23 26 28 5
16 18 21 26 29 33 5
11 12 15 23 26 33 13
5 11 16 18 23 27 11
10 15 16 25 26 33 5
10 11 13 18 23 27 5
1 16 23 26 27 31 7
11 16 21 23 24 26 13
7 11 16 22 23 32 5
3 10 11 16 23 27 10
1 11 14 23 27 31 5
6 11 15 16 23 26 14
10 15 16 26 28 33 5
1 11 19 23 25 33 5
11 16 19 24 26 33 3
23 24 26 31 32 33 5
1 8 14 16 27 33 5
8 11 12 16 26 33 1
1 6 11 23 26 27 10
6 11 16 25 26 28 5
3 16 20 23 32 33 5
16 19 23 26 27 30 10
7 17 23 26 27 29 5
3 5 16 23 26 33 1
15 23 24 26 27 32 5
8 19 26 27 28 33 5
3 11 16 23 27 29 15
3 9 11 17 23 26 5
3 13 16 23 26 27 11
2 3 11 16 23 32 5
11 16 17 21 30 33 5
12 23 26 27 28 31 5
1 22 23 26 27 33 14
10 11 19 23 26 27 13
3 15 16 26 32 33 5
1 2 16 26 27 32 5
13 16 23 26 28 33 11
3 4 11 16 23 26 7
4 11 16 17 23 26 2
4 11 13 23 27 33 3
10 13 16 23 26 33 8
3 11 12 14 26 27 5
18 23 26 27 32 33 4
11 16 20 26 30 33 4
11 13 17 24 26 27 5
5 6 8 11 23 27 5
3 20 22 23 26 27 5
2 5 23 26 27 33 16
5 16 23 27 28 33 9
20 21 23 24 26 33 5
7 16 23 24 26 27 14
1 11 16 24 27 28 5
4 16 26 27 30 33 7
3 6 11 16 19 23 5
4 11 12 16 23 27 2
8 11 13 22 23 26 5
3 8 12 16 27 33 5
8 13 16 23 26 32 5
8 11 23 26 31 33 12
10 18 23 26 27 32 5
2 16 21 23 27 31 5
1 11 16 18 24 27 5
6 11 18 23 27 33 8
5 11 24 26 28 33 5
4 11 16 25 31 33 5
2 12 16 21 23 27 5
11 12 13 16 18 27 5
11 13 20 23 27 33 10
7 14 15 23 27 33 5
16 18 19 26 27 28 5
5 12 23 26 27 33 12
1 11 23 27 32 33 12
2 4 13 23 27 33 5
2 10 11 16 23 33 2
2 8 9 11 26 33 5
10 11 12 16 23 33 16
11 16 23 27 28 30 1
2 8 11 21 23 33 5
3 6 11 23 24 27 5
3 10 11 23 26 33 14
11 12 16 21 26 33 16
9 11 19 23 32 33 5
4 14 17 26 27 33 5
4 7 16 26 27 33 11
9 11 21 23 26 27 14
8 11 20 23 29 33 5
10 19 23 26 30 33 5
3 11 16 18 23 27 10
11 21 23 25 26 33 1
9 16 23 24 31 33 5
2 11 16 23 26 32 15
2 8 11 16 23 33 16
7 16 27 29 32 33 5
8 11 14 16 26 27 16
4 14 16 17 27 33 5
14 17 23 26 27 33 10
11 12 16 23 27 28 4
11 16 18 27 28 32 5
11 13 23 25 31 33 5
2 8 11 16 26 33 4
2 11 16 19 27 33 8
11 13 17 21 23 33 5
11 15 16 21 26 27 1
9 11 22 26 27 33 15
10 20 23 27 30 33 5
6 16 21 23 24 27 5
11 18 26 27 28 33 13
5 9 11 23 27 31 5
11 16 19 23 27 29 12
4 7 9 16 23 27 5
11 16 23 29 30 33 11
16 22 23 26 29 33 14
2 10 23 24 27 33 5
11 16 21 23 25 33 11
1 11 16 27 29 33 15
3 11 16 22 32 33 5
6 11 15 23 26 27 1
4 11 16 23 25 27 12
16 25 26 27 28 29 5
16 23 24 26 30 33 2
11 13 16 19 26 33 14
6 7 17 26 27 33 5
3 11 23 27 28 33 3
2 11 16 23 26 31 7
3 16 21 26 28 33 5
2 11 13 23 29 33 5
4 5 11 16 23 26 15
8 11 20 21 27 33 5
5 7 16 25 27 33 5
11 13 16 22 27 28 5
6 9 11 15 16 33 5
2 11 15 16 23 26 13
1 11 15 23 26 27 11
4 13 23 26 27 33 2
3 4 11 27 32 33 5
6 11 13 22 23 27 5
11 14 19 23 26 27 13
1 6 16 19 26 33 5
6 8 11 16 23 26 15
1 10 11 16 23 27 10
5 11 13 17 26 27 5
3 11 16 20 25 27 5
1 11 16 23 32 33 9
5 11 15 22 27 33 5
1 8 17 23 26 27 5
15 16 23 26 28 33 9
11 20 26 27 28 33 14
2 16 17 19 23 33 5
11 14 23 26 29 32 5
11 21 23 27 28 33 14
11 16 26 30 31 33 10
11 16 22 26 27 32 16
2 7 11 12 23 27 5
11 16 18 23 28 33 15
17 18 23 27 28 33 5
13 15 16 26 27 28 5
12 21 22 23 26 33 5
13 26 27 31 32 33 5
5 11 13 16 26 33 16
14 25 26 27 29 33 5
11 13 22 23 27 32 5
4 13 16 23 26 27 10
11 19 23 27 30 33 12
2 11 22 23 26 27 4
8 11 22 23 26 33 1
5 16 18 26 27 32 5
3 4 16 23 26 33 16
8 18 23 26 27 33 12
2 7 11 16 23 33 14
1 11 23 27 28 29 5
11 16 27 29 30 33 7
11 12 13 16 26 28 5
11 14 16 26 27 30 2
3 9 15 16 23 33 5
2 5 23 26 27 31 5
8 11 16 23 31 32 5
6 13 16 21 26 27 5
5 10 16 23 27 30 5
3 11 23 26 29 33 10
8 14 16 23 27 31 5
3 16 23 26 27 30 1
19 23 26 27 32 33 15
3 4 11 16 27 33 12
8 11 16 23 27 29 6
3 4 23 26 27 32 5
6 11 16 26 32 33 13
1 4 16 23 24 26 5
11 15 16 17 20 26 5
4 11 16 21 27 29 5
4 11 22 26 27 33 1
5 16 17 23 26 28 5
3 11 16 23 27 30 11
10 11 15 18 26 27 5
7 11 16 20 26 30 5
6 11 16 26 30 33 13
9 11 20 25 27 33 5
11 12 16 19 26 27 15
3 11 22 27 30 33 5
11 16 17 24 26 33 15
6 11 16 18 23 26 7
11 16 18 26 27 29 8
7 11 14 23 26 33 1
3 16 22 26 27 33 8
11 15 16 26 32 33 13
4 13 14 23 27 33 5
8 11 16 26 27 30 13
11 16 22 23 24 29 5
16 21 23 25 26 27 11
4 6 11 15 16 23 5
2 4 11 15 27 33 5
1 16 23 27 29 33 9
5 8 11 16 23 33 7
16 17 23 25 26 33 2
9 11 12 23 26 31 5
8 14 16 23 26 27 12
13 23 26 29 30 33 5
1 2 11 23 26 33 9
10 16 20 26 27 33 14
3 8 16 23 26 33 2
2 11 16 23 32 33 13
5 11 14 16 20 27 5
7 10 11 16 26 27 1
6 16 23 24 26 32 5
11 12 18 20 23 27 5
11 17 19 23 26 27 14
11 15 19 20 26 33 5
3 11 15 16 25 26 5
8 16 18 23 26 27 13
7 16 21 22 27 33 5
8 11 16 19 23 26 4
11 16 18 23 31 33 3
3 7 11 23 26 33 11
5 22 23 26 27 33 10
10 11 16 18 25 26 5
16 19 20 23 26 33 13
11 16 17 23 31 33 11
1 13 14 16 26 27 5
11 16 23 27 28 31 4
5 16 23 25 26 27 12
1 11 13 16 23 27 1
7 8 11 13 16 27 5
8 11 16 26 27 28 11
4 8 16 21 27 33 5
11 17 19 23 27 33 2
3 6 11 16 22 27 5
10 11 21 24 27 33 5
11 19 23 27 31 33 12
8 11 23 27 28 32 5
14 19 23 26 27 29 5
2 9 11 17 27 33 5
2 10 11 23 27 33 4
4 7 23 26 31 33 5
8 11 15 16 23 25 5
4 11 16 23 28 33 9
2 3 4 23 26 27 5
6 11 17 27 31 33 5
11 22 23 26 27 32 7
3 4 7 11 26 33 5
2 22 23 26 27 33 4
10 11 21 23 26 27 6
16 17 19 23 27 33 12
7 10 20 23 26 33 5
7 12 16 21 27 33 5
11 16 23 30 31 33 4
11 17 18 26 27 33 12
16 23 26 27 28 31 8
9 16 19 23 26 33 10
1 10 11 23 26 27 11
14 16 19 26 27 33 12
5 9 11 16 20 33 5
2 5 11 16 26 27 3
5 8 13 16 23 27 5
1 16 26 27 31 33 9
7 11 16 22 23 25 5
14 19 23 27 29 33 5
8 15 23 26 27 33 7
12 16 23 26 27 29 4
6 16 23 27 29 33 1
11 13 16 21 23 27 12
5 15 16 23 27 33 8
13 24 25 26 27 33 5
11 16 26 29 31 33 4
2 16 23 26 30 32 5
6 8 11 16 23 26 10
6 13 16 23 26 27 6
12 16 19 26 27 33 3
9 10 16 23 31 33 5
11 17 19 23 31 33 5
11 12 13 16 26 27 4
1 11 26 27 30 33 10
14 16 17 23 27 32 5
8 16 24 25 27 33 5
5 11 23 26 27 28 7
5 16 23 24 31 33 5
1 7 11 23 26 33 2
1 8 11 16 23 33 13
3 10 22 23 27 33 5
11 13 18 24 26 33 5
3 15 16 23 26 28 5
11 12 26 27 29 33 7
3 4 16 26 27 33 16
